dt =  0.017143
dt =  0.020000
bnew =

   2.00000
   2.00000
   2.00000
   2.00000
   2.00000
   0.50000
   0.51000
   0.52000
   0.53000
   0.54000
   1.00000
   1.00020
   1.00080
   1.00180
   1.00320

bnew =

   2.01980
   1.74010
   1.82035
   1.86064
   1.88496
   0.00000
   0.99027
   1.98144
   2.97411
   3.96889
   0.00000
   0.00000
   0.00000
   0.00000
   0.00000

bnew =

   1.89717
   1.54894
   1.64319
   1.72314
   1.77139
   0.00000
  -0.99027
  -1.98144
  -2.97411
  -3.96889
   0.00000
   0.00000
   0.00000
   0.00000
   0.00000

bnew =

   1.73839
   1.39119
   1.47957
   1.58750
   1.65929
   0.00000
   0.99027
   1.98144
   2.97411
   3.96889
   0.00000
   0.00000
   0.00000
   0.00000
   0.00000

bnew =

   1.57856
   1.25380
   1.33164
   1.45585
   1.54866
   0.00000
  -0.99027
  -1.98144
  -2.97411
  -3.96889
   0.00000
   0.00000
   0.00000
   0.00000
   0.00000

bnew =

   1.42859
   1.13147
   1.19880
   1.33021
   1.43994
   0.00000
   0.99027
   1.98144
   2.97411
   3.96889
   0.00000
   0.00000
   0.00000
   0.00000
   0.00000

bnew =

   1.29123
   1.02157
   1.07967
   1.21191
   1.33389
   0.00000
  -0.99027
  -1.98144
  -2.97411
  -3.96889
   0.00000
   0.00000
   0.00000
   0.00000
   0.00000

